74135
70003
60137
87801
08318
02465
01950
07430
95843
75075
90048
87571
91706
42406
27502
26542
23185
19348
98227
34170
95492
53711
49015
92123
01430
83843
79605
11746
28401
02482
61820
01520
78737
10019
42141
30066
27312
46835
13066
11355
68122
78250
55454
05273
78611
06511
01267
03608
34990
34677
44706
59715
92116
61350
91351
10010
92009
19380
46845
67443
14433
07666
21214
57382
61832
95687
91343
60504
47901
55109
80537
91766
68503
17350
33710
11372
41076
97034
02136
44555
67208
02150
02451
76109
27614
18954
64920
55446
48445
02879
77064
90631
15330
73702
17036
75089
49546
76401
20744
12180
79705
92107
63011
70808
27203
77707
98188
91362
08033
98155
20866
46234
98119
30309
81101
92407
55103
33881
15137
44266
96818
61801
94402
40505
47129
14619
02461
02472
90016
48044
92130
95831
98056
99114
93449
75006
33167
01720
11801
07644
97850
03062
78223
78267
79928
60031
27609
10040
23451
55124
32940
08053
91436
14701
76904
10580
92780
33301
95903
10471
94403
42101
73120
73160
55434
91501
37877
75040
60089
13760
20814
87123
75240
61265
75226
92683
80461
90034
90068
78204
93003
96826
23464
07040
92880
13903
60613
54703
49445
80227
72227
00231
13210
91125
29706
12184
60513
32137
94706
98106
19716
74012
94930
29208
85712
97378
07950
17870
94063
21029
54720
23059
90039
91405
12866
92335
60607
55303
56301
01536
15202
92807
06877
20170
54915
44708
20850
77706
01603
02322
37203
95765
09564
94610
23508
68128
46911
90274
08330
47274
80210
29609
11228
06268
87031
89193
11211
14424
20110
97068
92173
46725
95062
24541
06110
11580
33028
90020
94043
06279
21740
11106
92688
11598
33611
85701
50322
11435
57747
63109
42754
94122
84058
95002
65401
03756
92315
70002
55804
68131
44485
01776
53572
19610
89447
54751
65211
20910
83815
08003
80910
38024
22901
22204
32601
92014
53951
29681
81291
98226
33142
11725
29369
60637
02421
70072
11434
17067
92833
22043
01746
18249
22039
01770
37772
94949
93933
91790
30082
29464
96734
77515
78705
39567
10014
60615
54601
97401
57103
21532
60046
20783
90240
22601
27607
92821
55433
48146
78237
32308
80916
02571
12831
43230
54467
21559
26201
97302
34683
55429
14568
91411
50111
08009
46311
33134
18360
55413
85040
15801
99016
92649
85730
92145
16802
92025
53130
92117
27028
25302
95050
52301
32117
12970
60612
78411
04106
92308
63116
45230
52162
43056
89128
23229
27106
30345
60605
98674
01886
20171
03431
77018
17013
38555
14706
99217
03769
92020
46268
60435
02149
35115
70006
48219
19103
46815
57106
60640
28304
54942
43623
16101
44143
78748
48197
55306
85284
72032
04074
07470
78735
91301
08109
17857
49506
37013
06032
32444
19083
98438
10017
85301
19152
44614
19004
34691
85257
77027
22122
59079
95014
77304
01702
08876
07452
58495
55441
73069
95404
10962
46038
90601
28412
60160
85248
42025
60103
02021
01604
01701
53703
44514
01867
54729
24060
12590
81005
90014
92627
77252
43210
43213
02155
01851
20818
77040
32250
60123
04255
83704
19063
21202
63123
60193
07307
77479
37815
48107
68164
02657
20122
04103
31311
46580
55449
61021
15205
48217
55402
07302
84093
07704
35205
07070
20886
14650
55401
60035
02557
85260
75013
80129
10013
44303
26104
04849
19104
08817
48170
37930
31207
75067
29672
55038
94607
65775
94108
08234
01850
90505
66212
07650
96811
95117
02035
01890
06451
94127
06033
32712
98606
78028
20015
94041
14167
07746
48202
43650
13126
61821
52570
97006
98112
87020
48316
91791
74403
99224
37853
96821
96002
55021
01096
53538
44224
58703
34243
64117
93420
06905
64081
76021
25301
45236
92626
64055
36102
94404
33759
45504
79401
54971
55902
22041
23454
73071
20880
30303
20715
13212
76054
44126
72212
02151
94015
89147
11413
84119
45220
14623
01003
59840
90404
46755
79358
90049
52003
22102
07054
51104
95420
37938
48237
35243
55092
91214
92507
27245
02116
60201
27513
11375
32726
19342
20851
55346
03768
62221
15956
65265
19390
95032
95128
85749
06614
60025
95952
77047
09094
22401
84010
55407
19444
19081
77042
70508
96661
38134
76543
53233
87111
28655
77379
94010
79930
20742
92316
48313
02370
85024
48198
91360
43065
19118
19119
84770
66224
33304
13326
19123
95148
45403
03851
43402
61761
85207
13027
08021
92065
01450
36067
90293
02324
18615
94609
04330
92704
41075
60611
08081
40475
10038
04287
48342
19033
75601
91104
20164
60543
75080
97424
01609
01775
90291
98126
12345
23462
20895
94111
11743
64030
48108
48336
14895
66049
02114
81004
75007
40515
49505
32836
37843
07026
31605
07960
91730
65270
14853
60625
91321
77019
44509
72202
37922
07981
28403
30024
22310
50265
60540
10128
45701
93560
02135
95019
06118
19107
21113
08107
03820
84111
98027
94598
95350
01904
89511
16803
61665
32506
11767
45205
07663
37924
93924
94602
85003
98502
91030
90035
43138
33025
30189
10009
03106
01531
98465
27606
22030
07508
02766
45231
23518
48094
92024
33460
02908
28134
21117
29615
91006
30096
55013
84088
24210
66203
89145
03440
60060
29708
55001
20871
30052
02113
04011
05055
94704
28704
89502
46112
48310
15208
55330
92612
43215
98208
48105
17022
22630
29070
77030
60004
98125
56342
50613
02254
70806
80222
91789
76034
37343
20716
55128
96714
19047
75602
53806
48034
29642
91367
49423
85282
37032
02146
90278
44089
48118
92352
94025
20037
44685
02332
38135
75115
23220
75206
10039
99504
80202
85710
29678
77550
72762
93950
48072
10977
73013
19010
56723
67212
07601
34610
07028
90292
45904
95020
19343
91504
55411
49504
11414
85251
22801
11788
70118
01864
85705
01501
07461
43201
49456
38654
60073
75214
95828
55317
48114
10024
11024
91302
84107
13148
13057
12222
01915
80303
60187
75244
13215
46802
20902
55976
47303
27909
01545
33133
97146
48858
93103
91320
20006
94133
39759
85287
64050
95503
90069
17033
04240
01801
97212
93436
60440
45245
56401
92882
11010
02460
19026
12188
22302
91901
13655
20175
98380
48323
15241
55110
10463
19806
55119
46304
53095
60062
91324
08043
98312
49770
91364
15146
53705
02090
85718
89129
73003
02718
74075
98541
82604
78746
20755
78681
04473
60115
11779
45458
66205
15217
98498
92126
06107
28601
80020
03301
98661
03261
04259
56258
72118
97838
94587
94538
78703
42518
44280
62704
02171
73118
80503
63132
48133
90712
21030
32951
21203
32404
98006
02026
65023
21013
48326
30324
91402
39211
30010
85037
44312
36109
08840
77007
12308
60559
58270
98040
30316
84101
76120
99508
33308
97210
95158
46222
33720
13031
22315
07039
05667
32082
92078
17740
90065
02420
98684
20121
32606
12144
89102
94123
58102
60074
91325
06804
94062
29118
88005
53048
46227
87107
30605
08035
97116
28036
91505
89015
12561
48371
60630
07702
11209
21133
92075
48315
37919
61614
02476
70119
02889
80439
80917
47421
94606
60173
96803
06405
19001
81321
29307
29649
68144
19126
55803
44077
89123
95132
19116
04210
77840
11122
90402
12054
10011
80004
05401
92104
49408
77584
30340
06071
90740
80027
70116
02651
27408
15232
22046
43081
30005
80205
48504
90277
60068
53707
72703
94089
22903
94109
95746
97331
27519
69301
92648
95602
94904
53207
97266
30030
48640
46774
31804
37743
24017
92054
45241
60641
55414
01054
14221
59457
76135
92614
55104
44060
30602
76201
94530
18104
79101
06810
46970
06510
94116
74354
02777
47933
54481
02118
76309
89170
04578
55379
97233
89134
03109
45420
13676
19131
77581
46350
78231
90272
48038
06520
58369
50021
04576
97214
01125
63110
60048
34761
53818
98052
33547
53589
70503
14450
10036
02840
73070
44306
24015
02494
44406
24018
29404
11423
19149
91306
33823
02780
33067
60610
86001
72837
75069
20876
21401
11710
48867
07661
77096
10069
63332
23507
06114
95677
14086
15237
78722
95376
19102
07002
94303
90638
75074
60417
44646
96822
85310
45694
98033
60622
95003
54016
80906
49327
94559
19312
43023
93108
91602
50325
43528
85018
07030
54650
12309
63303
60914
65804
46530
95437
99709
06459
97209
60660
03909
01464
12306
06320
94309
89113
03054
46219
91001
40207
46060
48135
55417
97113
95610
88119
97232
95822
30620
12203
85255
64043
62002
91335
44301
17517
99826
13090
13039
75287
96778
62263
06074
19801
49507
96930
89507
29662
90401
10027
55108
76067
97374
03255
28043
42718
37363
71111
89156
34116
90230
20653
91403
30338
94514
98043
91304
19403
07730
09142
98031
48827
55405
76266
40601
62330
23235
11102
63144
90031
10562
66013
95120
37130
30097
50010
55066
65441
97333
29401
01880
62901
53406
01773
98029
94024
02356
11501
32806
92037
01860
33785
67846
20901
54220
95125
19008
37076
55987
77521
10461
23186
01602
60102
13603
89119
53562
55435
03570
11361
92153
48655
55415
52057
30071
02152
48097
22947
32835
45244
97478
41011
06360
95336
23603
53142
22112
48230
20004
34744
78749
44319
92805
00681
85202
63131
96744
92115
37127
54409
33334
63138
63128
77024
19067
19050
08822
78252
04085
02453
64801
55426
70809
98826
04015
75034
34786
95864
68154
11803
92155
44622
13316
55455
44129
46239
90025
53717
14850
78728
53404
55101
45387
37932
60044
80023
48009
75205
77536
37153
02081
89012
61364
16801
05448
01772
27511
31901
60081
92019
85296
90605
96555
60076
83712
28027
55118
93637
02816
43231
74128
29928
30332
01760
55126
33313
33156
75801
94070
52761
07405
30145
04457
67042
01234
10920
90503
80126
62052
55075
01562
49006
55112
10025
67217
95409
28083
19030
22904
94040
65550
48912
37664
94305
45237
64151
06906
90731
22207
56520
32720
02452
94401
11717
53150
94591
55113
45224
95126
98622
55422
77084
95833
19406
64138
85281
75150
95005
88004
10018
11235
92018
08750
48073
97203
89146
90813
60098
17522
94941
80540
85364
49544
61910
22932
92675
92278
68506
30707
94115
63125
33705
94132
94120
32607
77459
94563
53202
19802
10310
90254
75207
70115
10805
89117
64060
08534
30701
55057
15701
90038
91911
44286
34567
14760
55033
20009
94301
19464
60422
63108
90290
70123
76548
84103
11747
91423
02445
04086
30075
55116
49442
11201
94574
48188
44240
08108
93401
94030
97701
48104
17821
52002
63146
75063
80220
29146
55403
02066
60153
90620
46229
19713
53545
46324
44139
03801
48239
00926
96753
44074
93107
97005
98801
06840
27605
30741
98178
80631
37923
95008
60156
94044
80122
53403
70458
49024
44304
92008
92802
37774
77429
92870
78945
60618
64093
89108
30349
04915
75229
92965
30068
90024
19355
29630
55117
54302
22101
07728
63141
81301
92647
60139
94086
90012
94939
49265
49307
10016
01905
03825
59801
11218
52402
82072
19481
30308
55344
02838
55115
54902
83001
75605
02109
08550
75230
43725
48021
30047
74136
10918
95118
36092
97205
75082
30041
07869
11215
06430
95476
95070
47406
80014
94608
95521
13088
44242
15748
95695
78130
12206
32312
33314
65201
78628
89523
03226
32750
12047
48103
94720
01532
49707
02141
01375
56001
80526
10028
59602
43551
89114
33076
43147
91101
94520
92886
04309
11701
90028
28804
66046
49017
92625
92629
55337
90808
02454
99945
87103
44313
74105
08505
01002
45385
32580
98262
13146
41030
14905
94705
08872
19335
08816
84064
10004
51537
72058
66204
60007
43315
04032
95037
23116
44118
46321
16365
75650
37917
97330
77005
84067
77803
19428
68508
90266
95451
02169
91105
33884
55125
60626
28262
13907
07940
96707
75703
94117
60012
32225
87110
43403
28001
20036
60148
55432
13207
74601
80903
31047
53706
53190
33916
76116
10538
83301
37212
11963
94507
08028
95816
04046
49512
44056
40204
41042
21221
06880
77034
31401
44095
80026
44515
94707
94566
33445
13502
13224
47401
55443
19901
92119
95472
95821
11947
76707
08540
91344
77075
52241
44125
94952
32793
91221
79410
07652
85016
83713
45140
92672
60050
48322
83405
08825
60714
87122
11554
32839
75225
45801
29449
92026
30127
92404
33953
94945
61600
02474
55369
90804
10309
48324
45383
77345
07067
95370
37205
46805
95667
02809
19108
27708
60451
19147
53222
97470
55345
33626
46825
95320
32212
67301
53523
96153
08810
26241
92084
94104
92111
97367
70460
92262
27705
99353
80206
92106
78731
80525
60016
21014
71118
05345
02134
90064
60551
41722
94521
53716
44107
80218
31201
03110
78758
11105
45233
62234
64116
20706
43228
15203
02339
02108
12570
97123
48360
33433
27514
77079
80260
19320
37211
97213
91765
02111
97132
98765
37042
98100
13078
63105
64114
37221
13203
32219
98105
30076
17601
72211
85726
77008
08902
22902
15321
83616
94549
42420
65203
45242
50201
77057
48169
98001
91902
33073
91740
75087
97801
91768
49321
01453
93940
97720
19808
94533
94903
89185
71106
10522
55421
13214
43202
50317
66044
62035
24450
30102
94806
96825
90245
94518
10549
45432
13041
36830
30307
78757
90803
97225
60466
85259
48154
80442
37027
99701
72701
60506
33149
80013
39401
84095
55447
01960
75146
80304
62025
92105
30337
90504
48706
98007
32792
55082
90250
60302
28754
55304
94970
85210
12582
95076
61554
55122
30662
53051
93555
43613
80302
60664
94611
98144
61270
60091
29631
55121
55106
11210
78666
60603
11364
08852
77006
11220
06040
49042
63122
60606
55427
92509
75633
34952
28226
30318
12533
91106
13211
32043
19106
37601
48065
46033
13064
22810
79416
45056
61081
93304
39180
70803
10708
60510
78251
06437
33177
89432
95814
28607
27510
02903
55418
30533
01748
45255
33168
22032
10803
74011
98102
98036
13317
98166
10475
28209
50011
12230
03824
28227
02882
45248
03038
87004
94558
40205
06512
93711
95136
98026
94550
27587
78006
14620
28120
23455
33157
50677
18042
55439
91910
20795
48306
11230
23188
60126
76240
95124
83705
20132
67218
55042
49464
32653
36264
81007
30342
80907
60194
14618
78230
01060
55555
43560
14803
80228
30004
01607
78766
96931
93428
12065
91011
97070
90046
27707
91608
50321
28542
33020
06416
97215
17402
60047
89103
88076
01581
55428
92506
27410
02130
20007
01982
99003
02828
67204
92620
43235
95380
44122
97219
98201
03840
01940
11576
50266
19134
55068
74467
98011
76248
38261
79912
32095
92602
90630
83355
18977
92656
08406
96813
38018
22181
11354
03885
02601
11040
84321
93611
60516
55616
49525
43212
58503
64154
44092
22203
33764
66502
98153
32935
20120
46077
85033
43357
64068
32114
92121
33317
53188
53704
93448
02048
22031
06096
80207
06403
95402
60042
92679
80634
80221
52001
75093
71731
23062
92705
02139
20057
77056
92804
53213
92055
56303
78704
77450
85716
38120
20008
92866
27616
94105
44691
48363
45380
66614
76006
63366
94577
55030
90019
94114
19518
12833
70507
04102
45243
33316
44106
28147
23112
64112
34235
14228
22314
98116
55111
98115
76013
95823
77058
31211
38340
98136
21114
19027
70448
03862
44039
91356
02038
23456
22306
94804
28208
55744
08753
48843
50401
90211
48127
10583
64106
50246
04108
46814
49855
90717
84123
37620
13077
77565
14608
60462
80687
94306
68108
78253
97222
60061
01778
03848
98037
95762
09056
60523
98664
75041
22407
63119
72316
06851
36115
66762
95929
27516
21015
02891
49034
90027
49841
48309
20707
32603
49503
12740
76051
97007
33407
90640
97370
55423
64153
13045
39532
46940
15116
00918
30350
22652
07458
01020
22936
23434
89503
21046
07719
14830
20191
46250
48116
55436
53211
48464
91311
55438
06708
19810
55313
19473
27603
92109
80401
10543
60202
97206
50311
07090
48070
20003
12110
04101
02127
83687
97202
44256
32708
13021
49355
02148
91601
29201
49221
11753
24551
97403
94110
53092
40504
94561
66209
41706
19146
43221
95926
55409
11229
98118
30033
46254
23233
08461
14260
65202
14843
30134
97062
10006
48186
90212
48067
60045
97361
89509
37043
75044
98516
15209
97002
63117
17844
48126
40242
19006
13685
91007
45011
55347
48314
85214
95448
19425
19382
48911
10706
92673
39652
60014
70005
11217
43420
22807
12553
32618
85224
55127
94526
94702
94102
74401
68516
48185
23608
55406
04056
03051
02457
14468
12701
02215
19360
24523
22307
52405
84041
21212
20194
60010
74137
32068
98108
46556
44502
45409
40511
22015
44325
54022
92630
20815
77025
92661
91977
45215
98443
10573
06516
18655
08742
77098
37931
29732
73147
95051
98199
98117
14607
48825
32812
28270
70802
78212
79606
92108
48380
84121
48328
29205
75001
91326
29425
45678
53154
76205
94061
99205
02478
92843
28805
55102
94954
21045
53715
63121
55343
46807
11795
77059
01612
52240
50310
21050
32825
75070
50588
84109
44260
47306
53220
85044
94578
77662
68046
02468
32608
85721
22305
55912
55448
03766
30034
11771
19803
85374
08826
91428
10990
30306
82070
94121
80123
75149
21093
46142
98683
17003
21555
94613
80231
90802
36106
99516
98503
30305
46214
06108
56082
20724
14302
59405
33619
16673
48109
48439
95616
82601
20200
24502
34639
73543
03867
53132
49424
21773
94131
78065
67206
41018
22906
78759
21234
22201
32501
95776
14136
40006
60443
37920
75023
22205
78744
02871
78232
60614
01944
49277
89052
25801
48220
01752
30606
23513
18901
33990
08854
98237
18052
13407
00606
01742
22206
02536
78701
90078
56187
02725
48604
63376
62702
54822
94002
38028
78664
80209
43612
01036
95825
08820
94931
92801
97267
48152
02142
90029
17055
37830
78640
30328
83706
34556
10044
55416
92691
95326
44243
12538
76501
06082
02865
85203
93704
55105
48005
04456
94709
32822
26501
55430
71711
42503
48098
03060
33813
98908
93060
97124
22657
02140
01606
23221
13152
92660
80112
95030
18049
60656
22309
92100
57706
91711
16508
66048
11793
87114
57108
10012
33186
08805
06119
55107
66210
60628
81520
07974
55408
94410
33015
68502
98034
22180
91773
21222
60090
75010
55120
37766
50309
98121
01040
99703
92069
93536
33615
04096
20151
11510
07721
37206
28223
91941
74114
92831
57006
19130
71301
92846
27615
37209
74074
90241
10458
95236
12604
63043
73505
58078
02912
98632
92101
97211
72601
85054
32112
43617
54880
84318
03070
20650
45459
92728
04258
98626
20723
55410
12436
99163
22209
46979
97030
44310
48042
55016
97303
98110
78240
79411
30101
45202
90262
94022
77802
40031
11784
02464
44512
36301
60107
98607
44221
05346
73112
30064
16844
14613
78613
87543
10001
45810
33607
39648
30269
92867
95129
45208
44130
38558
95405
70748
78626
00961
10003
81679
98257
93455
48473
77845
92129
58601
02818
99801
80012
22042
94103
47403
59072
99203
15204
60659
23225
26508
94703
76031
98926
30673
62958
98058
27613
01379
44906
44281
14612
01852
19143
95401
80236
06854
70043
91107
75005
85258
95407
92120
96860
85275
37914
32118
44333
02446
63041
19100
49508
11050
48092
46737
98103
89118
07462
33023
55934
35808
53217
97520
89109
91767
92595
94501
53221
45840
48083
95826
33024
70817
26301
86701
12159
55442
80203
99005
19072
55419
92056
45238
63026
43614
56002
85213
84780
32920
14215
92711
10033
53140
95209
55123
32837
01605
30260
84108
80538
06513
19462
95123
72949
26105
19711
93004
05602
02346
49345
30906
95035
92503
32303
64468
80521
90210
01597
03755
19114
92354
96782
94560
95820
43214
15333
61615
06043
40214
30501
97119
94539
29440
27403
90248
11358
61704
54701
45123
20874
22124
85283
53718
05070
91103
94506
18011
43611
90732
90214
14068
62707
96815
98101
31602
78750
01095
60555
94519
49454
37909
07920
33135
63033
97321
94525
53061
78133
94612
02067
35401
92064
77351
30115
97201
85331
46220
04093
60181
53045
98021
06680
98133
22304
43026
78660
72761
12449
77630
80110
90041
49532
80513
52556
07649
18036
77099
55391
80301
56137
77301
10021
94085
87502
98225
32953
90680
33324
20878
92584
34695
92646
42445
63129
55100
32694
90036
96158
14616
10002
49008
98055
60563
06460
60645
15089
03052
10804
60565
55311
23423
79925
33702
72801
98122
33901
96671
97405
06830
02542
60423
48302
98499
58504
02632
02576
02359
33401
53713
01075
28052
43209
10472
85013
21044
02430
32224
54901
75165
56007
94618
94134
53719
48823
60441
85226
97339
38104
49686
63544
10020
10469
53714
35229
20879
78765
55305
84062
24179
10023
32256
49417
12189
43229
84057
91780
02115
78155
33486
34285
08055
77341
46240
44425
44131
97469
65712
77477
84112
72764
92028
98028
98074
35216
01519
60188
90006
14456
98109
74055
20670
50014
90004
95122
55011
48178
32024
56043
20852
79068
02906
98467
95121
55372
89431
28715
81335
95617
94112
27278
22923
01938
94708
02138
20016
21042
60515
55076
90032
46804
90066
91607
60657
92557
60056
17112
77566
02131
02062
55071
63130
38111
55404
91776
44455
12133
94118
55412
02176
07017
77009
29063
92122
00693
85719
26101
92618
93906
46143
19003
48433
80003
78209
52803
33436
87505
66605
23602
55129
38122
96817
45219
45014
46614
80010
02144
45750
84037
13131
13035
40241
21742
85035
35810
90045
60482
63135
84102
33174
48906
45212
13114
30253
99352
76028
96797
66208
98368
48162
98501
17972
94065
97402
62522
14982
53216
46140
91604
60538
78730
10705
95819
94107
49887
95661
04901
62558
88001
32301
93907
12124
14519
07043
62034
13323
43223
06417
45322
48341
91330
33143
07701
02726
26505
85621
33701
78734
86314
93105
07087
30117
44115
77449
02125
94536
47714
09824
92346
77054
92103
07436
55901
94014
60185
98032
92027
15213
10022
27515
91355
54758
10954
43615
80232
48187
20912
08904
08901
06111
73008
19087
94901
60477
63304
35244
60647
98072
45251
62225
46517
11214
13165
13123
49419
89031
98374
23452
94214
48304
98642
94546
33030
93111
90026
80230
60015
63126
62629
77083
98177
12801
48130
90403
98107
10625
08544
55459
33309
02143
45249
27713
98383
56716
93117
94523
78222
90405
41144
95031
55014
50312
55812
54401