3186
1721
1270
1022
1836
3408
2804
1207
260
1193
919
608
2692
1961
2028
3105
938
1035
1962
1028
2018
150
1097
2797
1287
2762
1246
2918
531
3114
2791
1029
594
2398
1545
527
588
1
595
2355
783
2294
1566
1907
48
1198
1210
1293
2943
1225
318
2858
3030
1945
3095
593
3468
515
1873
2501
110
3035
2067
1247
3147
1357
1196
1957
920
1953
1834
3471
1259
1784
1954
3451
3578
3334
3068
265
590
3071
1955
2236
982
2194
1442
2268
3255
1096
1124
1188
1537
2396
356
589
2571
457
380
3418
480
163
1610
349
1527
2353
1370
648
368
2002
736
1544
1968
1266
1379
1378
3671
2871
3168
1197
1291
2167
1615
2006
733
653
2470
2115
1049
552
2735
1136
3421
1394
1304
1079
3552
104
2081
1387
1201
2947
2366
1240
1214
3702
1036
2951
442
1221
3753
1997
2916
6
474
1580
861
1722
1573
3256
111
3481
908
3265
3267
555
377
2427
3107
1916
2699
288
25
1265
17
1735
2291
1639
1393
1213
296
1704
2329
1730
36
1466
16
2686
562
337
58
73
1673
1120
3246
1411
2442
1840
524
1678
14
1682
1653
650
253
1589
24
269
151
465
3259
266
230
1701
3528
105
1027
1274
741
3751
912
1148
50
1307
3793
3623
3298
745
720
1617
1223
1089
162
2324
47
1500
2959
3253
1923
223
2166
1358
1584
778
1060
300
1777
2890
994
1921
2302
529
2278
597
1948
2312
1282
3155
3675
2657
2135
2399
3189
1204
1234
541
3037
2300
1302
1215
1080
954
1278
1294
2716
2997
3296
2336
2872
926
2000
1271
3194
3358
802
2863
953
3087
1269
364
1084
2100
914
1947
1253
2080
2529
3699
3723
3097
1230
2040
587
62
2496
943
2948
1408
2874
918
915
539
1104
592
1243
1088
1257
2321
3386
1967
3247
316
2662
971
3086
2371
2078
963
2001
2174
2617
3363
7
1019
2003
2137
2967
1356
1220
3039
2393
1025
2011
3500
1101
596
2012
2622
2161
1375
1372
2746
3928
3174
1032
1441
3809
3591
1031
2015
1042
780
317
1756
2111
292
2453
2090
543
3501
3072
2423
2046
2043
2109
1676
2094
329
2431
1016
2133
2436
1633
1380
344
2054
1135
2047
2005
435
1371
351
1125
2049
1409
2093
2316
2424
830
282
248
3812
1586
2497
2136
2375
208
1690
2770
1959
765
542
203
1583
2826
2405
2072
520
3948
898
899
2125
3668
2108
357
1286
902
339
1059
3108
1339
1127
3175
1376
1200
1374
32
2968
2407
2640
1129
2009
2
3466
1009
367
1073
2021
2193
2140
3489
2105
1654
916
2599
904
2096
750
1023
1233
3347
1292
2087
2717
2498
1831
3593
275
3034
3447
2693
2252
2572
2683
2975
2369
2761
2581
2394
2724
2752
1185
1614
1343
3624
3745
3510
3300
3879
3717
913
1284
1069
942
30
3713
866
446
34
293
2289
428
235
3006
319
628
3148
247
1594
1748
1179
2912
454
1635
2282
2542
1729
2010
3417
2660
3503
1206
924
3703
2664
3527
2288
3576
2553
1077
198
2287
2117
2527
1301
2455
2661
3658
968
3700
1909
3701
2901
3704
3070
3375
3827
76
3927
2985
2377
2116
3033
610
3156
2173
2311
164
707
2616
2628
1702
2143
2019
1242
969
3639
3635
2993
3633
1275
10
2989
353
2370
2414
44
2987
3479
3494
940
421
3269
1587
158
2139
1688
2085
313
1033
2089
616
2141
3396
262
551
3397
586
3398
2083
2082
3399
1396
2764
1711
1805
2248
1956
1960
1094
3260
232
2020
2739
3252
302
412
475
1643
2573
249
261
3448
838
26
1683
2700
3000
2800
771
1288
671
2138
2189
858
2348
1222
3526
2391
1047
1205
70
95
3661
3868
3869
2265
2064
2795
3608
1261
2395
1517
81
1747
1732
3052
180
585
784
532
1391
2249
818
1994
3917
3660
1799
3160
429
2195
485
678
1884
3698
1034
910
196
1249
2160
3786
3952
2726
3435
2917
493
1912
3104
1965
2454
2600
3770
2528
1306
3032
3638
674
39
21
45
52
1218
1267
1625
3505
911
1258
1958
2712
3740
2148
2253
2676
2709
2502
2490
1917
546
688
2541
2915
511
1966
2447
1640
161
3173
852
3263
1833
3257
471
74
2469
2340
2146
2802
252
168
207
118
3206
2352
3543
3707
3502
1608
378
5
3082
804
2906
3361
3360
3098
2243
3101
3441
3308
3584
2411
499
3261
3152
2409
3506
1876
3614
3686
605
361
1457
2262
1248
1250
3730
951
922
1252
930
2066
3683
3364
2186
947
1276
1180
955
905
923
1237
1217
3469
1254
1262
3102
1085
2944
3405
2949
3062
3726
2991
2406
2403
3836
2544
3943
1041
1176
1216
3949
3554
957
3690
3507
961
3096
3022
1663
3088
2747
1297
1937
3462
2245
440
3516
933
2208
3028
2935
3341
3524
3735
903
3362
1219
3682
3340
1263
1208
2633
2644
431
1674
2159
1092
2206
1344
1086
2070
3499
2313
2852
3271
508
345
2550
2649
2646
2647
3844
2071
1130
3244
3230
1792
1340
3498
1300
2650
2178
2183
1333
2118
2648
2565
1103
2941
1982
3546
1885
3110
1189
949
2612
581
1272
931
3019
2983
1061
3204
2467
2554
2432
1285
2144
441
11
2671
3450
1641
2710
3536
3594
3424
2145
2261
2416
2413
1091
2792
2478
2796
2794
1680
222
497
1835
708
550
1479
1100
2888
2485
2239
824
2682
3083
1172
3685
3091
2926
1251
2732
3467
3461
1949
2969
3788
154
1013
2731
1946
3871
2238
1283
3681
3365
945
2303
3549
2088
965
1264
2575
123
3359
800
1964
1419
2932
3060
3566
3852
28
2708
2171
1733
2385
2023
2250
3301
3213
2687
1405
2706
2722
2433
2605
233
2580
785
3081
3176
2702
2763
256
3697
172
3863
3785
3821
1244
2973
3504
2065
1963
1485
2155
1449
1569
449
2418
3712
144
500
3525
1476
1827
246
3512
3196
2972
1090
1299
1078
647
3066
466
3727
788
1603
3551
229
3763
2540
2058
1645
2334
165
1911
2273
2013
507
1597
3480
1147
3142
556
1191
553
2774
2269
1295
3159
3565
236
224
1183
2506
1801
2677
381
1672
1620
2059
1658
2719
2520
2530
2641
2034
379
1373
2986
3758
3802
2533
2681
1429
3555
3519
1518
3807
2134
2707
2961
1064
3755
1235
2077
1772
107
3044
2846
1552
3251
3612
3264
2297
1186
3284
3684
289
46
937
691
2443
1894
140
2426
1821
2468
2266
909
1226
3814
728
3099
2779
371
1014
2473
3897
1797
231
1619
2857
2946
3629
1944
599
3404
901
1310
159
13
2908
1054
2344
89
494
1554
3741
1952
1337
3556
3617
3618
3553
3409
3484
1895
3916
3208
3274
517
886
3020
2126
1425
3004
3179
3285
2038
2718
3752
2723
2598
1513
2841
432
3654
3342
1184
2106
2322
1212
3476
2952
561
482
1845
2349
190
832
1648
280
1407
1459
22
521
2956
3249
1754
3557
1769
1686
1480
100
1687
1320
18
2851
3708
1779
3063
2389
3464
1175
3932
29
1199
2363
718
2232
1334
2613
2091
3926
3326
2450
173
950
1950
492
2875
513
199
661
1057
1030
1487
3600
829
3605
3676
735
799
1350
1345
1321
3930
3693
3018
1347
2867
2789
3550
2787
2517
177
188
2459
3918
1991
724
3153
3393
3092
3307
2728
1280
1296
1913
1305
1046
1095
1277
3198
3100
456
501
2750
509
272
326
322
290
3747
3078
1498
307
846
3067
766
1211
1392
2114
94
281
1279
3266
3571
538
2639
1810
764
448
571
341
2919
617
1365
1268
3509
2112
1660
3270
2165
358
1693
1621
1395
1611
506
522
1190
3620
1177
259
35
1290
1888
697
1918
268
148
3045
893
1043
2154
1522
193
184
3049
3873
2788
2150
3728
2359
3429
3794
2033
3694
1228
2966
3816
3134
3808
615
3811
41
3089
928
1224
2670
900
3545
3061
3224
3911
1066
959
1935
3317
82
2341
1450
1050
1414
1245
2124
848
2272
254
350
2331
630
1463
1727
3841
185
279
1914
2757
2069
1931
1934
1256
2212
1099
929
2940
3929
960
1281
1938
906
3613
2463
2472
3197
2130
3706
3201
2819
3074
3200
3508
1082
1161
3015
3729
3011
3634
3789
2782
3350
3330
1209
2820
2729
2870
2079
1203
2939
2913
1416
3273
1717
2803
3157
9
434
1562
3534
3005
2950
2421
2471
1298
2815
2694
277
973
2929
1939
3167
3112
3548
3069
2690
3124
3798
1187
3864
112
1858
2808
3438
1037
692
3439
2170
1883
3210
3444
3889
2357
19
1920
986
1713
2123
1588
2430
801
577
1848
1919
60
1806
1359
1551
2429
3483
709
2057
8
2720
885
258
1018
609
2953
3400
1582
837
87
673
1021
2052
1474
239
1015
558
631
1707
2053
2354
1489
181
2559
2828
2162
575
1592
700
1460
2036
2152
216
2555
2392
2457
1446
2390
3452
3783
3328
2759
2333
2971
3606
1024
2017
1734
568
176
1871
84
2596
3178
342
298
1794
2384
2499
1171
3282
417
40
2024
2879
2921
978
1260
3742
1178
2924
1348
1892
1762
805
3185
3513
3316
153
754
2184
2701
1760
54
145
2927
1231
373
999
2190
3129
2976
2539
2881
3141
786
1390
2880
2582
370
257
63
3896
2073
514
1238
921
3040
1461
1951
2084
1381
3604
2606
1377
2990
2476
2376
534
2314
1596
1303
3724
936
2904
1929
907
944
2899
2203
2204
2937
3870
2936
946
1940
1936
3736
3825
3744
3615
1529
1011
71
3946
3936
3440
2402
2404
1438
420
849
2524
1385
3268
376
360
2642
2412
748
1616
533
2549
836
1591
393
15
2153
3016
2861
3053
3219
2840
468
3029
3384
3370
2210
1942
1925
3521
3938
2280
2231
1860
1542
477
2099
1012
1017
455
611
1995
694
2188
2772
2734
2907
157
1388
3403
2401
3491
251
2645
2097
2634
2519
1327
1999
2451
1924
2328
273
3024
2122
2149
2652
2635
3659
2532
2531
2365
2615
2665
1083
3806
3406
941
892
413
141
1689
2806
2876
2327
382
3919
2346
3934
1650
3125
2741
490
1684
2721
1879
1063
390
1415
3518
3515
3893
3784
715
2561
3073
3132
384
2318
1404
1472
1662
1627
2387
1647
303
3937
3366
3211
1900
2697
2696
3426
1649
2076
3423
97
535
2176
645
1719
574
306
649
1354
348
194
1509
1543
1366
3416
175
117
3819
3182
668
312
3760
69
2883
3719
1699
1715
2132
3813
549
3859
2361
3094
2181
1464
3412
2337
2877
372
242
3910
1111
1289
1932
3473
3538
2004
2356
2827
3203
2672
3
383
1488
3764
213
2360
1859
1227
3679
3539
206
1856
3766
3535
3801
2570
1081
3420
3111
3834
2420
2110
2942
2378
3135
2866
2920
3853
935
3292
760
340
3678
3430
2410
227
2367
423
548
1882
1726
512
426
3585
952
2669
1927
2086
3846
3109
3791
3394
2048
2041
3385
2147
3768
3433
2494
808
1020
408
1703
2805
2142
798
2335
1731
3903
3718
3477
787
3007
1516
3163
2621
1785
320
3055
2744
2859
3733
101
1112
481
363
464
1783
2893
3787
3882
3858
1694
2594
346
2611
3117
2730
2259
3275
3625
3567
3077
299
314
759
171
2240
3169
2745
3826
321
2482
425
1629
68
1541
1605
1502
1593
3103
3540
3831
3302
3581
1539
125
215
1202
1236
663
1904
2518
3324
3861
839
1753
325
3908
3646
274
1093
2301
934
3470
3415
3874
779
2558
1353
2688
86
1422
2749
1788
2905
3036
352
3422
2295
2247
3199
1367
639
2574
209
1812
3598
214
1361
334
308
3860
670
3746
2068
2330
3823
3357
2202
3925
1273
85
602
991
83
523
2988
2022
3177
2996
1355
1255
2666
2656
3922
3924
2035
3921
3327
948
3475
3250
3511
1401
255
333
1930
1943
876
2474
3478
3497
2372
3254
3680
2659
2824
2323
3002
99
3456
3951
3914
659
2830
183
1194
2488
3188
3379
1232
3720
2180
1922
3872
854
3655
2512
1933
2285
2310
2351
2725
3329
3075
2970
680
1572
3090
1132
1131
3038
3559
970
669
3547
3192
3354
3281
491
851
2504
3425
2271
2590
42
3127
3145
1044
410
225
31
479
170
1352
3235
1169
2419
2364
2102
3113
2428
2995
1482
205
2610
483
3128
2493
476
1728
2994
2801
621
388
1547
1535
781
43
2678
613
369
1397
2168
2711
987
1399
365
461
57
3262
3115
218
1811
4
1816
2437
182
2963
3241
3320
1192
2689
573
3008
685
803
3711
2583
72
1725
1465
1119
2434
3118
1896
301
753
187
271
2025
2546
2560
409
2320
1866
1431
3457
2626
3150
1546
1875
2276
3877
3743
3454
3453
237
2425
565
525
627
20
93
880
2284
458
516
2505
518
488
1844
241
2264
1342
3181
2263
1606
2768
2602
92
2305
362
3079
267
767
2625
328
2513
1741
3796
3950
2103
3915
3146
635
1795
2769
2609
2607
2654
3054
774
3867
495
2483
3158
2844
3822
67
3902
2579
1891
3886
717
80
2624
3245
3532
330
392
2585
1796
2938
2630
2587
632
1007
315
3051
1874
3162
2829
1666
2629
3901
1854
3436
879
366
1974
1128
1644
2026
2714
1624
2889
2567
186
719
2307
414
2822
2129
149
3947
996
1667
160
502
1515
1523
1427
917
897
3076
119
2241
2151
3622
537
3688
2255
3120
2374
1526
3387
2042
3496
1632
1564
2685
3161
2345
976
714
1076
1665
135
2380
3138
3187
1585
570
1533
263
1664
1150
1484
1483
3649
1910
998
3272
662
1051
3355
835
3851
3857
2766
2771
3050
2839
3579
116
1471
844
3171
1423
3371
3215
1941
3222
3586
2435
1880
3628
3599
3487
467
1346
438
2456
405
2347
569
1870
2751
2325
1126
927
453
450
1363
486
3248
195
3529
2900
3761
2458
1661
1824
2373
1646
1010
126
1241
3627
742
841
2780
3732
2784
2120
842
3013
2651
2781
3837
3923
2668
3017
1655
2163
3696
3572
2121
3351
2992
3840
2655
1862
2462
3021
2119
1329
2614
1984
3933
3339
2388
3569
27
3544
755
3474
2060
338
2856
1173
427
3121
3286
2793
1002
3514
3372
1499
2891
1755
250
1123
1743
3865
1670
3446
122
681
1332
3839
3838
3898
2812
547
336
3310
3093
3133
1889
1631
2925
2182
2817
1162
2439
3289
1563
606
1590
1317
2882
1039
3304
3338
3894
2933
2673
1058
1428
375
2843
1384
3855
3749
722
324
2175
1550
1600
1511
1841
2620
1651
463
2885
1351
424
993
997
422
2267
3183
1601
1053
3318
1067
3414
3769
3662
309
49
2810
3725
291
3705
1362
327
332
1750
1749
580
2315
1855
419
3258
276
124
637
2014
2016
1005
2296
1410
2339
3391
1008
583
2922
294
201
459
147
881
2965
2279
2713
2548
3773
3672
932
1807
807
204
3653
156
96
1798
3935
1331
1341
2740
1970
3692
3843
2754
2465
2460
3637
1152
1068
3640
974
2618
2736
106
1809
705
1758
2027
88
1863
1496
1695
1865
3739
1003
2157
3293
3299
1167
2849
2865
3577
2074
3771
2007
2663
3490
407
129
2898
132
2107
152
2848
3738
2785
2847
1114
3832
2128
3790
813
1473
3217
3945
2275
3243
234
473
743
65
174
1581
619
2931
2495
1413
578
3410
2911
354
504
3388
3368
3143
2481
1656
3214
1000
1857
1312
331
1421
2448
2379
2667
3345
809
2286
387
725
3014
3710
626
2306
355
810
3774
1382
3144
2475
3010
121
1412
462
2098
2031
2051
2050
1602
1837
2492
1902
3920
1893
2586
305
1475
2029
444
2446
436
37
2896
2511
3626
451
1508
78
1447
2551
3765
1468
433
1903
2158
3795
3737
2894
217
1899
3709
2338
12
66
210
416
487
1752
1004
3064
564
695
1978
1996
3691
2169
2381
3689
1744
2816
731
3287
761
762
3632
2738
472
2928
1609
2748
3401
155
1336
1612
2837
956
3139
3314
1867
3434
2799
1445
1525
3225
2075
2897
3137
2491
1897
1549
896
1571
2627
2164
2461
2836
3731
3587
3862
3140
1975
1969
1971
1981
1389
2037
2056
3520
3428
3025
2055
990
964
3610
2095
544
667
304
2507
2862
3389
3590
2674
2704
2873
3677
136
3232
3849
3449
3714
295
891
3325
1973
3754
1657
2902
240
1330
1623
23
3854
2773
1406
3531
211
202
1117
385
167
2577
2062
137
2397
2753
2733
2415
3459
3716
2790
3575
2864
1696
178
984
3674
2756
3776
831
3830
3799
888
103
3670
2999
2290
1440
415
603
536
3647
2727
2589
1979
1780
2061
2860
2187
2185
875
1626
2978
2778
640
61
3835
3564
3046
3570
1881
1493
2675
1151
3306
496
2767
2205
2417
734
2215
3239
1793
958
3431
3309
2251
1983
1977
1985
3588
1976
359
1804
1668
2500
3880
877
3495
2092
310
3616
2798
3715
3643
2479
1791
2979
1681
2807
2196
2408
3240
270
3805
191
343
3562
1598
2244
1980
1456
737
2593
3734
3537
3319
3568
2842
2538
2813
1759
1613
347
443
3427
1642
3781
2637
2638
3909
2362
503
3223
850
3402
3218
3333
2981
1926
792
2535
3875
3800
3346
166
3900
3850
2521
863
1056
1987
220
1986
335
747
2552
3043
1679
1102
394
418
2008
1154
1153
746
702
2201
3047
3797
469
79
3482
2522
2536
2260
498
3878
3780
1398
1174
1898
108
665
2643
1767
612
806
3597
2192
3611
1595
1864
1369
2131
1149
189
3596
988
3392
3913
2237
1570
2063
2825
758
1504
1116
2503
2557
2705
245
264
729
283
682
2850
3636
53
3165
1669
3122
925
2445
2998
862
1417
484
711
3912
1906
2177
3580
962
3892
2045
1454
600
540
146
828
3810
3619
3847
833
3895
2209
3824
3335
3486
967
3492
1006
751
2342
2923
1138
1604
712
1038
2869
1458
1846
3657
1507
1113
1453
64
1692
980
2400
2562
1887
3238
3056
1026
452
445
3792
401
1503
2350
38
840
2227
389
2221
2211
2219
3131
3276
3884
1144
1850
447
864
2892
776
633
1164
3349
2758
3845
1575
3756
3885
219
3294
1567
3305
238
3883
3380
1814
77
860
811
128
2440
3419
3888
2632
3645
823
2441
1671
3311
406
2317
716
869
2523
2977
2831
2509
2242
1877
374
2104
1992
2525
528
1565
2101
3782
2526
391
3817
853
3221
3445
1872
505
3130
2765
2449
2653
3833
2283
1349
1556
3669
2835
1746
3517
1163
3601
3906
2775
278
1993
2514
3303
397
3940
55
430
297
113
1531
489
179
782
2257
2945
882
197
3390
3085
1771
3664
2578
1998
2197
2853
3331
1432
3048
710
870
1839
1685
1477
638
519
1520
3031
2886
796
3775
3759
2868
3641
1437
656
2537
1677
1822
2566
3437
1534
3757
3216
1825
2032
2464
2755
3277
2691
2964
3295
557
1497
1869
1652
2984
1420
2786
2422
1168
1972
704
169
3190
2466
3695
478
2044
1829
3721
1444
2444
2332
1770
1928
2743
3106
398
2934
989
769
3136
3602
3184
3343
3288
2179
1426
1739
2207
192
2809
3367
2679
2281
2477
1599
2382
1439
3058
966
33
3126
3942
2597
3180
2510
1313
1105
2930
3057
560
2903
2962
56
2156
3012
3283
3887
3116
3931
139
775
2568
972
939
3595
1087
3465
1878
1915
2833
3644
2292
102
437
460
867
90
559
3939
1990
3941
3042
567
526
3207
2760
1851
598
3866
3322
1830
114
2974
2777
3443
1055
3442
2982
1325
2737
3432
3767
874
1328
1326
130
3673
757
1890
1455
1886
2368
1495
1826
3395
3804
470
1490
1675
1470
981
2955
1988
2515
3642
554
652
3848
2386
679
2569
3149
386
2358
1901
3344
3777
3242
3381
3003
1555
2304
287
623
2223
3233
2776
985
3172
1139
2127
2545
2823
2834
131
1561
411
732
1121
59
3533
2293
2326
3523
572
3905
2783
3488
2715
2636
2623
2884
1659
2113
3663
2878
3592
3236
1574
2256
1486
396
1323
992
3828
563
3413
2383
2811
2452
3603
3803
1494
510
2658
3378
664
3563
1436
1849
566
3164
1832
2854
1553
1514
1040
3820
1842
1782
2309
200
3353
820
3778
2191
2960
2480
791
404
749
3652
2172
3656
1501
134
2438
3609
2516
3530
3374
2695
3154
2818
75
1071
2543
3607
3026
2909
1434
793
1360
2198
